Rows	0	2.5	5	7.5	10	12.5	15	17.5	20	22.5	25	27.5	30	32.5	35	37.5	40
dmrw	0.06854	0.07133	0.07260	0.07993	0.09711	0.16292	0.43989	0.69593	0.74954	0.72923	0.65975	0.49380	0.29538	0.14059	0.06501	0.03662	0.02541
02dmrd1	0.06602	0.06601	0.06569	0.07255	0.07803	0.12605	0.28078	0.44401	0.47754	0.43824	0.35528	0.23066	0.12733	0.06271	0.03357	0.02066	0.01286
03dmrd2	0.05257	0.06475	0.07201	0.07992	0.09817	0.15013	0.33827	0.49359	0.44502	0.35919	0.23256	0.13833	0.08053	0.04933	0.04080	0.02832	0.02129
04dmrt1	0.01705	0.01543	0.01879	0.01959	0.03134	0.06644	0.23349	0.42199	0.44418	0.32947	0.19617	0.09870	0.04665	0.02610	0.01895	0.01460	0.01359
05dmrt2	0.03609	0.03679	0.03754	0.04487	0.06008	0.11167	0.25417	0.39578	0.37810	0.30977	0.22293	0.12582	0.06759	0.02990	0.02706	0.01575	0.01492
06dmrd3	0.03234	0.04416	0.04969	0.04467	0.05025	0.08506	0.25966	0.45509	0.41818	0.29710	0.16018	0.06524	0.02992	0.01452	0.01068	0.00819	0.00767
07dmrd4	0.03148	0.03335	0.03202	0.03678	0.04011	0.06526	0.21740	0.41779	0.46757	0.43365	0.35101	0.22302	0.09581	0.04567	0.02561	0.01647	0.01531
08dmrd1d2	0.05744	0.06103	0.06713	0.07364	0.08210	0.10418	0.18534	0.22548	0.17889	0.11750	0.06874	0.03860	0.02284	0.01643	0.01525	0.01201	0.01616
09dmrd1t1	0.02488	0.02014	0.02104	0.02319	0.03210	0.05875	0.19575	0.36185	0.33533	0.22455	0.11401	0.05169	0.02266	0.01677	0.01098	0.01070	0.01105
10dmrd1t2	0.06689	0.06560	0.06202	0.05635	0.05530	0.06867	0.15505	0.23914	0.20922	0.15416	0.09486	0.05736	0.03209	0.02231	0.02461	0.02830	0.02486
11dmrd1d3	0.06043	0.07091	0.07047	0.06707	0.07075	0.10661	0.23986	0.24796	0.14757	0.07329	0.03942	0.02533	0.01555	0.01377	0.01136	0.01189	0.01419
12dmrd1d4	0.01709	0.01616	0.01849	0.02233	0.02755	0.04292	0.13402	0.24863	0.28134	0.25501	0.20557	0.12716	0.06758	0.03520	0.01961	0.01638	0.01451
13dmrd2t1	0.04142	0.04749	0.04956	0.04939	0.05405	0.07749	0.19667	0.32726	0.34181	0.27008	0.20896	0.13801	0.09162	0.06921	0.06432	0.06397	0.05764
14dmrd2t2	0.03778	0.03480	0.03622	0.03789	0.04250	0.06707	0.17948	0.26153	0.21194	0.14283	0.07989	0.03693	0.02069	0.01424	0.01316	0.01096	0.01139
15dmrd2d3	0.04594	0.04607	0.03940	0.03453	0.03889	0.06149	0.13168	0.12547	0.06635	0.03189	0.01963	0.01340	0.01454	0.01003	0.01444	0.01233	0.01532
16dmrd2d4	0.01448	0.01535	0.01748	0.01772	0.02522	0.05638	0.15215	0.23443	0.21801	0.15361	0.09328	0.04308	0.02307	0.01220	0.00729	0.00714	0.00661
17dmrt1t2	0.03518	0.02892	0.02526	0.02595	0.03131	0.05013	0.14661	0.30117	0.29859	0.24390	0.15310	0.07477	0.03438	0.01795	0.01220	0.01205	0.01093
18dmrt1d3	0.01210	0.01205	0.01480	0.01532	0.02038	0.02903	0.10072	0.17748	0.17485	0.09967	0.04604	0.02451	0.01983	0.01260	0.01280	0.00879	0.01818
19dmrt1d4	0.01712	0.01492	0.01535	0.01496	0.01572	0.02796	0.10311	0.24152	0.28007	0.21926	0.12530	0.05111	0.02274	0.01396	0.00941	0.00911	0.01079
20dmrt2d3	0.01984	0.02154	0.01964	0.01806	0.01945	0.02212	0.07062	0.15659	0.17551	0.12806	0.07081	0.04071	0.02741	0.02072	0.01854	0.01520	0.01618
21dmrt2d4	0.05674	0.05535	0.05795	0.06188	0.07587	0.09714	0.17721	0.31506	0.36939	0.33288	0.25965	0.15469	0.09204	0.06100	0.04370	0.03160	0.02277
22dmrd3d4	0.01702	0.01868	0.01792	0.02006	0.02945	0.05534	0.19694	0.34793	0.33697	0.22089	0.11187	0.04283	0.02222	0.01723	0.01330	0.01261	0.01351
23dmr4sm	0.61900	0.63352	0.61612	0.61139	0.59895	0.57563	0.61055	0.63129	0.58631	0.52578	0.41730	0.27624	0.15598	0.08390	0.04883	0.03072	0.03458
24dmrs1	0.60465	0.62791	0.63195	0.64148	0.64811	0.67359	0.72282	0.72892	0.67299	0.56899	0.40427	0.22146	0.10003	0.04093	0.02181	0.01441	0.01382
25dmrs2	0.43334	0.46456	0.47533	0.47663	0.50261	0.56889	0.70686	0.78224	0.76817	0.72057	0.61948	0.47539	0.29200	0.15231	0.07634	0.04334	0.02594
26dmrs3	0.37605	0.38242	0.39783	0.40660	0.43922	0.51633	0.69808	0.75897	0.69744	0.57993	0.38414	0.21353	0.10763	0.06209	0.03774	0.03129	0.02188
27dmrs4	0.47159	0.52100	0.52633	0.52988	0.55854	0.57690	0.62697	0.64513	0.62615	0.56942	0.46635	0.30731	0.18307	0.09254	0.04788	0.02472	0.01805
28dmrs1s2	0.40381	0.47188	0.51869	0.54666	0.56027	0.60243	0.71556	0.78331	0.77595	0.71430	0.60658	0.40186	0.22105	0.10392	0.04896	0.02351	0.01408
29dmrs1s3	0.30492	0.31711	0.32097	0.32770	0.35982	0.43387	0.61615	0.68921	0.65735	0.51842	0.34463	0.18322	0.08494	0.03861	0.02074	0.01436	0.01456
30dmrs1s4	0.48366	0.52866	0.57208	0.57237	0.58784	0.62956	0.67967	0.72728	0.69136	0.60507	0.49318	0.33944	0.19311	0.09526	0.04891	0.03316	0.02338
31dmrs2s3	0.08821	0.08767	0.08997	0.09209	0.10664	0.15983	0.37066	0.57853	0.62866	0.59805	0.52698	0.40512	0.25976	0.14149	0.08063	0.04635	0.03082
32dmrs2s4	0.36661	0.38653	0.40258	0.42031	0.44854	0.52725	0.67207	0.74930	0.74378	0.69325	0.62580	0.46676	0.29773	0.14722	0.06927	0.03097	0.02827
33dmrs3s4	0.28945	0.30435	0.31256	0.32545	0.36038	0.46966	0.69469	0.79668	0.79003	0.71536	0.56666	0.34536	0.18804	0.08847	0.04491	0.02615	0.01940
34dmrb	0.05796	0.06862	0.08136	0.09849	0.13907	0.25321	0.47308	0.59659	0.58391	0.55175	0.47901	0.37386	0.25502	0.12802	0.06032	0.03430	0.01962
35dmrd1b	0.07117	0.07217	0.06843	0.07439	0.09042	0.14762	0.37743	0.58143	0.59765	0.59131	0.56194	0.51553	0.38843	0.26984	0.16306	0.08727	0.04383
36dmrbt2	0.07823	0.07724	0.08267	0.08900	0.11036	0.18113	0.39416	0.51674	0.47148	0.39401	0.28435	0.18273	0.11185	0.05951	0.04720	0.03239	0.01873
37dmrbd3	0.08585	0.09664	0.10044	0.10596	0.11903	0.18862	0.41869	0.54644	0.49954	0.41875	0.29872	0.18435	0.07972	0.03891	0.02629	0.02039	0.01873
38dmrbd4	0.05443	0.04578	0.05224	0.05483	0.07011	0.13666	0.38494	0.58470	0.58875	0.52784	0.43302	0.26002	0.13470	0.04677	0.02352	0.01923	0.01926
39dmrd3z	0.10382	0.10723	0.12305	0.15648	0.16969	0.16635	0.25531	0.36978	0.38327	0.31679	0.26103	0.206	0.13011	0.10457	0.072535	0.067264	0.053909
40dmrd4z	0.057582	0.054824	0.053706	0.069038	0.087437	0.14681	0.41319	0.69507	0.83711	0.78333	0.76383	0.69681	0.55901	0.41819	0.27136	0.14957	0.07689
41dmr2tz	0.020407	0.020423	0.016362	0.014106	0.018911	0.02767	0.10746	0.32283	0.46074	0.52119	0.52512	0.45737	0.37564	0.30196	0.20271	0.11776	0.074734
42dmbrks	0.015383	0.015884	0.014322	0.014458	0.016373	0.025902	0.072147	0.11426	0.10224	0.08451	0.048372	0.039428	0.022706	0.015883	0.01632	0.016026	0.016598
43dmbrkl	0.017119	0.015888	0.011933	0.010229	0.012776	0.023251	0.067731	0.14287	0.18408	0.19411	0.17258	0.157	0.1157	0.08918	0.069638	0.05435	0.03817
44dmvns	0.01347	0.020867	0.020152	0.020339	0.027865	0.047559	0.13987	0.22229	0.19342	0.21221	0.16737	0.13935	0.095936	0.066438	0.053034	0.040213	0.03277
46dmvnds	0.065948	0.071439	0.088367	0.11611	0.17816	0.29593	0.64543	0.75079	0.68598	0.60133	0.37431	0.22117	0.11497	0.068444	0.050025	0.041185	0.037082
48dmvnd1	0.068835	0.080144	0.080098	0.095194	0.15056	0.28398	0.56411	0.67197	0.68423	0.55337	0.42458	0.2333	0.11598	0.058338	0.035359	0.022492	0.016058
49dmsogls	0.060514	0.055651	0.056498	0.054284	0.054952	0.075233	0.12282	0.15736	0.15969	0.12534	0.11552	0.090864	0.076581	0.057256	0.0442	0.041103	0.03159
50dmsogce	0.051066	0.038974	0.036899	0.04237	0.051279	0.093516	0.24254	0.34992	0.36002	0.30106	0.26031	0.20138	0.16348	0.13264	0.10743	0.07721	0.065348
53dmtpe	0.11056	0.12041	0.10406	0.077649	0.0637	0.043916	0.041943	0.031534	0.02894	0.025192	0.022411	0.018322	0.014675	0.013367	0.012967	0.015644	0.017361
54dmspe	0.38091	0.33634	0.25304	0.18418	0.11898	0.071286	0.057982	0.054097	0.044091	0.036529	0.032703	0.026119	0.025514	0.022999	0.022217	0.021868	0.024182
57derw	0.036374	0.050397	0.054284	0.060336	0.061877	0.075946	0.24445	0.51167	0.4621	0.34786	0.17141	0.074368	0.03063	0.02343	0.019099	0.018782	0.024353
58darw	0.020052	0.022597	0.020681	0.025743	0.032956	0.065372	0.19435	0.3174	0.29462	0.23732	0.13995	0.066497	0.033652	0.020569	0.016763	0.011061	0.010909
59dmojrw	0.017706	0.012688	0.012953	0.016604	0.01712	0.019962	0.03617	0.078111	0.11865	0.14858	0.13132	0.13082	0.084537	0.057069	0.033396	0.022504	0.020734
60dgrw	0.019589	0.017448	0.016054	0.015103	0.020517	0.036161	0.15029	0.42897	0.58169	0.55618	0.54736	0.39595	0.22507	0.11733	0.055309	0.025561	0.021129